    unsorted:	 791.6881280 790.6327226 791.1756467 790.3384160 792.1689609 789.6913279 792.7434956 794.3037503 795.4129837 795.8226902 788.8685427 788.0599504 797.3527583 799.8608132 800.1715371 801.8044244 802.2581530 804.8095604 804.5028308 807.4617775 807.5015923 808.0085199 808.8741969 786.3706157 785.8928383 810.7279112 784.4392627 812.2388856 813.6910464 814.6487877 814.5259921 815.3201301 816.7566601 780.8738227 819.7191854 820.8472621 778.7823626 824.1475485 823.7014536 827.1944753 828.5251787 830.0786345 829.7266030 831.8295267 772.4092002 771.4432500 833.5321599 767.8650247 762.5425276 761.9082194 760.0360371 757.7044810 839.2689423 842.5376118 842.8808439 845.2149517 754.2100263 752.7786782 751.1355613 850.5571358 851.5961410 746.9134882 746.2617329 855.5379194 855.9468942 863.7617084 726.0092424 870.9587384 719.5174515 716.0125339 705.0076918 694.0842660 675.5931040 646.5281499 632.6672146 -2.289771631e-17 568.3181771 550.1356543 1014.865951 5.435437983e-06 466.6800385 0.9766809587 0.9766082004 0.07761600240 0.3128690736 0.5173992203 2.646275641 3.116846076 6.016334579 7.312539714 8.050392639 12.53000981 21.26591367 22.12544802 28.93943065 33.58868998 381.0708507 48.76841583 52.51421409 61.61271509 331.8026720 147.2461696 139.4650893 176.7934979 252.5656389 1166.442911 1228.294723 1316.471598 2012.246482 2364.821240 2734.064567 5384.623826 7966.592965 10025.26462 16318.85466 17327.33162 20602.70895 37604.85361 125705.7277 350675.8427 359549.9086 474905.0524
      sorted:	 -2.289771631e-17 5.435437983e-06 0.07761600240 0.3128690736 0.5173992203 0.9766082004 0.9766809587 2.646275641 3.116846076 6.016334579 7.312539714 8.050392639 12.53000981 21.26591367 22.12544802 28.93943065 33.58868998 48.76841583 52.51421409 61.61271509 139.4650893 147.2461696 176.7934979 252.5656389 331.8026720 381.0708507 466.6800385 550.1356543 568.3181771 632.6672146 646.5281499 675.5931040 694.0842660 705.0076918 716.0125339 719.5174515 726.0092424 746.2617329 746.9134882 751.1355613 752.7786782 754.2100263 757.7044810 760.0360371 761.9082194 762.5425276 767.8650247 771.4432500 772.4092002 778.7823626 780.8738227 784.4392627 785.8928383 786.3706157 788.0599504 788.8685427 789.6913279 790.3384160 790.6327226 791.1756467 791.6881280 792.1689609 792.7434956 794.3037503 795.4129837 795.8226902 797.3527583 799.8608132 800.1715371 801.8044244 802.2581530 804.5028308 804.8095604 807.4617775 807.5015923 808.0085199 808.8741969 810.7279112 812.2388856 813.6910464 814.5259921 814.6487877 815.3201301 816.7566601 819.7191854 820.8472621 823.7014536 824.1475485 827.1944753 828.5251787 829.7266030 830.0786345 831.8295267 833.5321599 839.2689423 842.5376118 842.8808439 845.2149517 850.5571358 851.5961410 855.5379194 855.9468942 863.7617084 870.9587384 1014.865951 1166.442911 1228.294723 1316.471598 2012.246482 2364.821240 2734.064567 5384.623826 7966.592965 10025.26462 16318.85466 17327.33162 20602.70895 37604.85361 125705.7277 350675.8427 359549.9086 474905.0524
